'Instance name:
'Instance_SU-05_SD-05_D-0,3_C-40_P-40_BG-35-52_AC-522,85_AP-680,42_DB-157,57_VC-159,19_VP-208,05_2025-09-18_09-09-42
'Instance Statistics: Average Customers First Base Ask (AC); Average Producers First Ask (AP); Difference between Average First Asks (DB); Variance for Customers First Base Ask (VC); Variance for Producers First Ask (VP)
522,85;680,42;157,57;159,19;208,05;
'Maximum theoretical social welfare
230
'Customers reservation price
64;54;51;44;57;54;60;51;61;58;57;58;66;52;50;44;49;53;44;55;62;48;47;60;61;56;57;49;46;62;57;46;59;65;51;49;45;51;61;57
'Customers initial purchase price
50;43;42;36;46;44;47;41;50;47;46;45;51;43;40;36;39;44;36;44;48;40;39;49;48;45;45;39;36;50;46;37;46;51;42;40;36;41;48;46
'Customers purchase price step
 30 
'Producers production Cost
231;486;597;884;459;630;612;620;707;498;379;578;523;440;899;602;584;240;635;569;403;646;656;681;680;352;582;401;829;391;426;870;848;509;490;626;338;469;371;275
'Producers first Ask Price
281;605;734;1136;598;772;735;757;877;584;480;716;651;552;1086;760;738;290;777;721;497;793;793;814;816;440;712;517;1069;481;546;1052;997;664;595;788;425;562;463;343
'Producers ask price step
 30 
'Items Combination
0;0;1;0;0;0;0;0;1;0;0;0;0;0;0;0;0;0;0;0;0;0;0;0;0;0;0;0;0;0;0;0;1;1;0;0;0;1;0;0
0;0;0;1;1;0;0;0;0;1;0;1;0;0;1;0;0;1;0;1;0;0;0;0;1;0;1;0;0;0;1;0;0;0;0;0;0;0;0;0
1;1;0;0;0;1;0;0;0;0;1;0;0;0;0;0;1;1;0;0;0;0;1;1;0;1;0;0;0;0;0;0;0;0;1;0;1;0;1;0
1;1;1;1;1;0;1;0;0;1;0;0;1;0;0;1;0;0;0;1;1;0;1;0;1;0;1;1;1;1;0;1;0;0;0;0;0;1;0;1
0;0;0;0;0;0;0;0;1;0;0;1;0;0;1;0;0;1;0;0;1;1;1;0;0;1;0;0;0;0;1;0;0;0;0;0;1;0;1;0
1;1;0;1;0;1;1;0;0;0;0;0;1;0;1;0;0;1;0;0;1;0;0;1;0;0;0;1;0;1;0;0;0;1;0;0;0;1;0;0
0;1;1;0;0;0;1;0;0;1;1;0;0;0;0;0;1;0;0;0;1;0;0;1;1;1;0;0;0;0;0;0;0;1;0;1;0;0;1;0
0;0;1;1;1;0;0;0;1;0;1;0;0;1;0;0;1;0;1;0;0;0;0;0;0;0;0;1;0;1;0;1;0;1;1;1;0;0;0;0
0;1;0;1;0;0;0;0;0;0;0;0;1;1;1;0;1;0;1;0;1;0;0;1;0;1;1;1;1;0;0;0;0;0;0;0;0;1;0;1
0;1;1;0;0;0;1;0;0;0;0;0;0;0;0;1;0;1;0;1;0;0;0;1;0;0;0;0;1;0;0;0;0;0;0;0;1;0;1;0
0;1;0;0;0;0;0;0;0;1;0;0;0;0;0;0;0;0;1;1;0;0;0;0;0;0;1;0;1;0;0;0;1;0;0;0;0;0;1;0
0;0;1;1;0;1;1;0;0;1;0;0;0;0;1;1;0;0;0;1;0;0;1;0;0;1;0;0;0;0;1;1;0;1;1;0;0;0;0;0
0;0;1;1;0;0;0;0;0;0;1;0;0;1;0;0;0;0;0;1;0;1;1;0;0;1;1;0;0;1;1;0;0;0;0;1;0;0;0;0
1;0;1;0;0;1;0;0;0;0;0;0;1;0;1;0;0;0;0;1;0;0;0;0;0;0;1;0;0;0;0;0;0;0;1;0;0;0;1;0
0;1;1;1;0;0;0;0;0;0;0;1;1;1;1;0;1;1;0;1;1;0;0;1;0;1;0;1;1;0;0;0;0;0;1;1;1;0;1;0
0;1;0;1;0;0;0;1;0;1;0;0;0;0;1;0;1;0;0;0;0;0;1;0;1;0;1;1;0;0;0;1;0;1;0;1;0;0;0;1
1;0;0;0;0;0;0;0;1;1;0;0;0;0;0;0;0;1;0;0;0;1;1;0;1;0;1;0;1;1;0;0;1;0;0;0;0;0;1;0
0;0;0;1;0;0;0;0;0;0;0;0;1;0;1;0;0;0;0;0;0;0;1;1;0;0;0;0;0;0;0;0;0;0;0;0;0;0;0;0
0;0;1;1;1;1;1;0;0;0;0;0;0;0;0;0;1;0;1;0;0;1;0;0;1;0;1;1;0;0;1;1;0;0;0;1;1;0;0;0
0;0;1;1;1;0;0;0;0;0;0;1;0;0;0;0;1;0;1;1;1;0;0;1;0;1;0;0;1;1;0;0;0;0;1;0;1;0;0;0
0;0;1;0;0;1;0;1;0;0;0;0;0;0;0;0;0;0;0;1;1;1;0;1;0;0;0;0;1;1;0;0;0;0;0;0;0;0;0;0
0;1;0;0;1;0;0;0;1;0;0;0;1;0;0;1;0;0;0;0;0;0;0;0;1;1;1;1;0;1;0;0;1;1;0;1;1;0;0;0
0;1;0;0;0;0;0;0;0;0;0;0;0;1;1;1;1;1;1;0;0;0;1;1;0;1;0;0;1;0;1;0;1;0;1;0;0;1;0;0
0;0;0;1;0;1;1;0;0;0;0;1;0;0;1;0;0;0;1;1;1;0;0;0;0;1;1;1;1;0;0;1;0;1;0;0;0;0;0;1
1;1;0;1;0;0;1;0;1;0;1;0;0;0;1;0;0;0;0;1;1;0;0;0;1;0;0;1;0;1;0;0;1;0;0;0;0;0;0;0
0;0;0;1;0;0;1;0;0;1;0;0;0;0;0;0;0;0;1;0;0;0;0;1;0;0;0;0;1;0;1;0;0;0;1;0;0;0;0;0
1;0;0;0;0;0;1;0;1;1;1;0;0;0;0;1;1;0;0;0;0;0;0;0;1;0;1;0;0;1;1;0;0;0;1;0;0;1;0;0
0;0;0;0;0;1;0;0;0;1;1;1;0;0;0;0;0;0;0;1;1;0;1;0;0;0;0;0;0;0;1;0;0;1;0;0;0;0;0;0
1;1;0;0;1;0;0;1;0;1;0;0;1;1;1;0;1;0;0;0;1;0;1;0;1;0;0;1;1;0;1;0;1;0;1;0;1;0;1;0
0;0;0;0;0;0;0;0;1;0;0;0;0;0;0;0;1;1;1;1;1;0;0;0;0;0;0;1;0;0;0;0;0;1;0;0;0;0;0;0
0;0;1;0;1;1;0;0;0;0;1;0;0;0;0;1;0;0;1;0;0;1;0;0;0;0;0;0;0;0;0;0;0;1;0;0;1;0;1;0
0;1;0;0;0;1;0;0;1;0;1;1;1;0;1;0;0;1;1;0;1;1;0;1;1;0;0;1;0;0;0;0;1;1;0;0;0;0;0;1
0;0;0;1;1;1;0;1;0;0;0;0;0;1;1;0;0;1;0;1;1;0;0;1;0;0;0;1;0;0;1;1;1;1;1;0;0;0;0;1
0;0;0;0;1;0;1;1;0;1;0;0;0;1;0;0;1;0;1;0;1;1;0;1;0;0;1;0;0;0;0;0;0;0;0;1;0;0;0;0
0;0;0;0;0;0;1;0;0;1;0;1;0;1;0;0;0;0;1;1;0;0;0;0;0;0;0;1;0;1;0;0;1;0;0;0;0;1;0;0
1;1;1;0;1;1;1;0;0;0;0;0;1;0;1;1;0;0;1;0;0;0;0;0;0;0;1;0;0;0;0;0;1;0;0;1;1;0;0;0
0;0;0;0;1;0;0;0;0;1;0;0;0;1;1;0;1;0;0;0;0;1;1;0;0;0;0;0;0;0;0;0;0;0;0;0;0;0;0;1
0;0;0;0;0;0;1;0;0;0;1;0;0;1;0;0;0;1;0;0;0;0;0;1;0;1;0;0;0;0;1;0;1;1;0;0;0;0;0;0
0;0;0;0;0;0;0;0;0;0;0;0;0;0;0;0;0;1;1;0;0;0;0;0;0;1;0;0;0;1;0;0;0;1;1;0;0;1;1;0
0;0;0;1;0;1;0;0;0;0;0;0;1;0;0;1;0;0;0;0;0;0;0;0;0;0;0;0;0;0;1;1;0;0;0;0;0;0;0;0
